76,35
0,273
0,270
10,312
10,274
10,70
10,120
10,66
10,8
10,311
11,26
11,15
11,4
11,16
11,6
11,11
8,9
8,18
8,15
8,4
8,12
8,6
69,5
69,4
69,3
69,2
69,1
69,0
66,3
66,2
66,1
66,0
65,5
65,4
65,3
65,2
65,1
65,0
64,4
64,3
64,2
64,1
64,0
63,4
63,3
63,2
63,1
63,0
62,4
62,3
62,2
62,1
62,0
61,3
61,2
61,1
61,0
20,3
20,2
20,1
19,3
19,2
19,1
12,3
12,2
12,1
11,25
11,22
11,20
11,19
11,14
11,12
11,8
11,7
11,3
11,2
18,1
11,1
18,3
10,278
10,266
14,1
10,202
14,3
13,1
10,166
13,3
10,159
10,138
10,134
10,115
10,3
10,2
10,1
9,7
9,6
9,4
9,3
9,2
9,1
8,17
8,16
8,14
8,11
8,8
8,3
